&Calibration
   pA = 133.59825562832043,  71.1262232101945
   pB = 69.48049544334681,  33.061105494695816
   pC = 174.3633149632598,  38.99211937735213
   pD = 221.37555739376663,  14.744859356200879
/ 
