&Xtlvecs
   xorigin = 207.4666748046875
   yorigin = 664.1000061035156
   avec = 0.4295958953824001,0.8377624119987407,-0.337048227576776
   bvec = 0.137923157870943,-0.8630500798476488,-0.48592361765803693
   cvec = 0.8059556205267261,-0.18736636939746762,0.5615419675858533
/ 
