&Calibration
   pA = 77.18908866274022,  88.59695097721045
   pB = 33.03674558672713,  66.91320784927451
   pC = 136.3616889082384,  61.418354996172155
   pD = 106.44518427094164,  66.67650089503269
/ 
